# Created by Octave 3.8.2, Sun May 24 04:47:01 2015 Mitteleuropäische Sommerzeit <unknown@MINT-PC>
# name: BIPproKopf
# type: matrix
# rows: 163
# columns: 1
 777.5786239305941
 4424.465218691292
 5460.759493670887
 62378.97828431818
 5085.447618433615
 14137.55142244626
 11235.28660854458
 3450.678522844155
 62573.59125315391
 48707.72995986944
 7923.485875117273
 21541.96733763767
 885.7384733962574
 14954.38596491228
 7303.027106845269
 45143.33275058042
 4561.171805995558
 810.35407402869
 2809.90646818601
 4976.761924052556
 7669.499393551497
 10728.50991284923
 7411.315740406314
 657.4349716598374
 272.3989337352948
 1015.24444054676
 1367.551620045894
 51116.57219717261
 426.8165729752238
 998.8240482140233
 16199.78933054218
 6814.496691353696
 7679.187986189109
 10163.14242436305
 13858.0424683156
 6449.56175094094
 25384.61538461538
 18484.99873081695
 57299.70502048248
 1621.111111111111
 6943.178152132748
 5710.972747184092
 5913.060353192315
 2966.787829375729
 3853.940798970199
 11944.05594405594
 510.2404274265361
 18502.54371873695
 525.5561269741827
 4909.343581888736
 47394.90508421724
 41431.57512592839
 11404.91147915477
 44399.13500154464
 1684.348754042298
 22133.09348689376
 7848.792195726231
 3409.951808334137
 615.6757210386855
 4043.37930111126
 759.4517467710929
 2163.869319255652
 39798.46092427141
 13260.2294649203
 44333.02947432391
 1315.431906706734
 3395.812366393866
 6160.332171332114
 32776.0483648033
 34019.39944738217
 5294.351600134069
 39453.15577968639
 5076.160277973397
 12941.79930716201
 1180.902265289097
 1625.008218972206
 54919.31755634431
 1227.120829163203
 15291.68973674938
 10596.97855750487
 1158.962264150943
 439.0406395736176
 11226.84818743074
 136820.9793952368
 16000.3781720724
 112737.4301675978
 482.0950228976823
 225.806417991039
 10265.1726743995
 6651.897695571653
 699.3050003075219
 22429.14637127866
 3441.143957493849
 1151.778400368966
 9435.398443397124
 10966.41512641355
 3697.629500843252
 7286.755942060775
 3143.604314524931
 570.1978679885825
 5820.895310487976
 11999.20666402221
 689.7805199703944
 42701.74401418859
 39554.98350201171
 1838.849610467097
 379.0741125181648
 2735.351972232363
 99848.9682724967
 19719.02494895792
 1246.13382370763
 10573.65676283431
 10791.2350305486
 2176.116780428465
 4363.591086965399
 6750.847780324139
 2688.217174764732
 13353.60149672591
 20911.02857945461
 91301.35058304759
 9472.165222642016
 700.1979013886743
 13945.45454545455
 7443.243243243243
 6807.339449541284
 3753.593866467895
 56909.32934825704
 22794.02531954622
 1137.043752866205
 6111.861334627347
 14130.22935218846
 49125.18054006618
 17884.84747984312
 22659.85677150762
 1890.446964275885
 213.2518205520093
 6553.460982926558
 29183.85100843441
 3211.425890355746
 1365.933544549155
 9376.831046689467
 3401.005025125628
 56594.33152405766
 78692.5971479718
 1019.032798659325
 6174.72199118997
 599.4979779668108
 4619.765234571727
 20428.92458616932
 4405.08819554731
 10577.13415626131
 8536.934449140414
 648.3667913070539
 4089.871369467211
 40722.56447739375
 38425.92592592593
 52144.73282061837
 16776.38932503454
 1809.607513904922
 3128.636851412421
 1690.938511326861
 1437.258403744885
 807.7813391411373


# name: Lebenserwartung
# type: matrix
# rows: 163
# columns: 1
 60
 74
 73.12
 84.2
 52
 75.8
 76
 74.40000000000001
 83
 81.5
 71.5
 77
 70
 78.5
 72.5
 81
 77
 59
 70.8
 76
 66
 76.2
 74.5
 56.5
 53
 66
 61.5
 82.5
 48.5
 51
 79.5
 76
 74.59999999999999
 79.8
 77.5
 79.40000000000001
 81.2
 78
 79.5
 61
 77.5
 73.2
 76
 73.2
 74.59999999999999
 54
 61.5
 76.09999999999999
 60.5
 73
 81
 82.3
 64
 81
 66
 81
 76.5
 71.5
 55
 70.5
 63
 74
 83.8
 75
 83.3
 65
 72
 68.5
 82.09999999999999
 83.09999999999999
 74.8
 84.59999999999999
 74.59999999999999
 68
 60
 68
 78.2
 69
 74.5
 80.5
 51
 59
 74.5
 80.7
 75.90000000000001
 82
 66
 58
 75.7
 77.2
 51
 81
 73.5
 59.5
 75.2
 77.2
 69
 74.5
 76.51000000000001
 52.5
 67.2
 73
 69
 81.5
 81.7
 74.5
 56
 53
 81.90000000000001
 76
 67
 74
 77.8
 67.5
 74.7
 74.7
 73
 77.5
 80
 75.5
 74
 60
 75.09999999999999
 75.5
 76
 74
 83.5
 74.3
 64
 74
 74.7
 84
 76.3
 80
 73
 50
 61
 82.5
 74.7
 63
 74.5
 50
 83
 82.8
 68
 74.90000000000001
 57
 74.5
 74.8
 74.59999999999999
 74.40000000000001
 66.5
 56
 68.25
 79.2
 81
 79.8
 77.3
 68.5
 72
 64
 55.5
 54


# name: Lifespan
# type: matrix
# rows: 163
# columns: 1
 0.7092198581560284
 0.8747044917257684
 0.8643026004728134
 0.9952718676122932
 0.6146572104018913
 0.8959810874704492
 0.8983451536643027
 0.8794326241134753
 0.9810874704491727
 0.963356973995272
 0.8451536643026005
 0.9101654846335698
 0.8274231678486998
 0.9278959810874705
 0.8569739952718677
 0.9574468085106383
 0.9101654846335698
 0.6973995271867612
 0.8368794326241135
 0.8983451536643027
 0.7801418439716312
 0.9007092198581561
 0.880614657210402
 0.6678486997635934
 0.6264775413711584
 0.7801418439716312
 0.7269503546099291
 0.975177304964539
 0.5732860520094563
 0.6028368794326242
 0.9397163120567377
 0.8983451536643027
 0.8817966903073285
 0.9432624113475178
 0.9160756501182034
 0.938534278959811
 0.9598108747044918
 0.921985815602837
 0.9397163120567377
 0.7210401891252955
 0.9160756501182034
 0.8652482269503547
 0.8983451536643027
 0.8652482269503547
 0.8817966903073285
 0.6382978723404256
 0.7269503546099291
 0.8995271867612293
 0.715130023640662
 0.8628841607565012
 0.9574468085106383
 0.9728132387706856
 0.756501182033097
 0.9574468085106383
 0.7801418439716312
 0.9574468085106383
 0.9042553191489362
 0.8451536643026005
 0.6501182033096927
 0.8333333333333334
 0.7446808510638299
 0.8747044917257684
 0.9905437352245863
 0.8865248226950355
 0.9846335697399528
 0.7683215130023641
 0.851063829787234
 0.8096926713947991
 0.9704491725768322
 0.9822695035460993
 0.8841607565011821
 1
 0.8817966903073285
 0.8037825059101655
 0.7092198581560284
 0.8037825059101655
 0.9243498817966904
 0.8156028368794327
 0.880614657210402
 0.9515366430260048
 0.6028368794326242
 0.6973995271867612
 0.880614657210402
 0.9539007092198583
 0.897163120567376
 0.9692671394799055
 0.7801418439716312
 0.6855791962174942
 0.8947990543735226
 0.9125295508274233
 0.6028368794326242
 0.9574468085106383
 0.8687943262411348
 0.7033096926713949
 0.888888888888889
 0.9125295508274233
 0.8156028368794327
 0.880614657210402
 0.904373522458629
 0.6205673758865249
 0.7943262411347518
 0.8628841607565012
 0.8156028368794327
 0.963356973995272
 0.9657210401891254
 0.880614657210402
 0.6619385342789599
 0.6264775413711584
 0.9680851063829788
 0.8983451536643027
 0.7919621749408984
 0.8747044917257684
 0.9196217494089834
 0.797872340425532
 0.8829787234042554
 0.8829787234042554
 0.8628841607565012
 0.9160756501182034
 0.9456264775413712
 0.892434988179669
 0.8747044917257684
 0.7092198581560284
 0.8877068557919622
 0.892434988179669
 0.8983451536643027
 0.8747044917257684
 0.9869976359338062
 0.8782505910165485
 0.756501182033097
 0.8747044917257684
 0.8829787234042554
 0.9929078014184398
 0.9018912529550828
 0.9456264775413712
 0.8628841607565012
 0.591016548463357
 0.7210401891252955
 0.975177304964539
 0.8829787234042554
 0.7446808510638299
 0.880614657210402
 0.591016548463357
 0.9810874704491727
 0.9787234042553192
 0.8037825059101655
 0.8853427895981089
 0.673758865248227
 0.880614657210402
 0.8841607565011821
 0.8817966903073285
 0.8794326241134753
 0.7860520094562649
 0.6619385342789599
 0.8067375886524824
 0.9361702127659576
 0.9574468085106383
 0.9432624113475178
 0.9137115839243499
 0.8096926713947991
 0.851063829787234
 0.756501182033097
 0.6560283687943262
 0.6382978723404256


# name: ans
# type: matrix
# rows: 1
# columns: 10
 0.4680917451270447 0.9490763516810603 0.4481794541366 0.1350374659928696 0.5175600522491878 0.5516078674671763 0.2319094517518213 0.7768356704748939 0.1377794093696192 0.0524704927738127


# name: best
# type: matrix
# rows: 1
# columns: 3
 1 2 3


